"TOA5","CR1000X_Ryan's","CR1000X","39460","CR1000X.Std.08.01","CPU:Pyranometer Test.CR1X","42896","IPtest"
"TIMESTAMP","RECORD","Proto1_Avg","Proto2_Avg","Proto3_Avg","Proto4_Avg","Ref5_Avg","Ref6_Avg"
"TS","RN","","","","","",""
"","","Avg","Avg","Avg","Avg","Avg","Avg"
"2024-11-13 15:11:00",0,0.9451605,0.9065061,0.9176488,0.9082392,0.892043,0.9206203
"2024-11-13 15:12:00",1,0.9580076,0.9199297,0.9302604,0.9222348,0.9044138,0.9324606
"2024-11-13 15:13:00",2,1.218421,1.178309,1.143138,1.191301,1.167644,1.134521
"2024-11-13 15:19:00",3,68.36231,67.27078,62.28761,68.12923,69.73567,66.60972
"2024-11-13 15:20:00",4,73.89648,72.15942,67.28399,72.9425,74.8306,72.13703
"2024-11-13 15:21:00",5,78.12775,76.32489,70.89126,77.14491,79.16233,76.13915
"2024-11-13 15:22:00",6,76.45928,74.73287,69.4098,75.53247,77.47892,74.56149
"2024-11-13 15:23:00",7,76.53274,74.83379,69.41994,75.63502,77.55383,74.58678
"2024-11-13 15:24:00",8,76.82729,75.1372,69.60707,75.93967,77.82221,74.80457
"2024-11-13 15:25:00",9,77.84545,76.1296,70.43999,76.97709,78.83105,75.67657
"2024-11-13 15:26:00",10,73.21352,71.67699,66.43614,72.44387,74.19786,71.29616
"2024-11-13 15:27:00",11,69.41066,67.97843,63.08008,68.70749,70.30998,67.60473
"2024-11-13 15:28:00",12,67.51063,66.14498,61.38615,66.84338,68.36373,65.73589
"2024-11-13 15:29:00",13,62.78688,61.5481,57.23173,62.18951,63.57776,61.22035
"2024-11-13 15:30:00",14,64.01049,62.73787,58.18749,63.41388,64.78989,62.30501
"2024-11-13 15:31:00",15,69.65226,68.21458,62.9367,68.99461,70.45211,67.54756
"2024-11-13 15:32:00",16,65.98319,64.61652,59.63862,65.35532,66.67407,63.96753
"2024-11-13 15:33:00",17,64.25465,62.93145,58.03745,63.65512,64.87103,62.2283
"2024-11-13 15:34:00",18,64.30807,62.97334,57.96248,63.72922,64.8845,62.1748
"2024-11-13 15:35:00",19,68.89408,67.46307,61.79909,68.25871,69.46339,66.37814
"2024-11-13 15:36:00",20,68.95541,67.54299,61.78621,68.34605,69.51232,66.3619
"2024-11-13 15:37:00",21,66.924,65.5734,59.93008,66.35688,67.46551,64.37989
"2024-11-13 15:38:00",22,69.72758,68.31034,62.19816,69.15247,70.26629,66.92417
"2024-11-13 15:39:00",23,73.73042,72.25673,65.54102,73.17677,74.3475,70.6566
"2024-11-13 15:40:00",24,73.9387,72.48054,65.62037,73.40677,74.56428,70.77454
"2024-11-13 15:41:00",25,74.46455,73.04525,65.99365,73.96255,75.16113,71.27536
"2024-11-13 15:42:00",26,74.31582,72.93143,65.81858,73.83184,75.00074,71.08387
"2024-11-13 15:43:00",27,74.34106,72.98494,65.72887,73.90562,75.04894,71.04623
"2024-11-13 15:44:00",28,71.79526,70.49627,63.51853,71.39926,72.48367,68.64954
"2024-11-13 15:45:00",29,72.92152,71.60722,64.42834,72.52855,73.56779,69.63544
"2024-11-13 15:46:00",30,66.09812,64.91167,58.53582,65.75531,66.65069,63.1619
"2024-11-13 15:48:00",31,0.2229957,0.2313489,0.2353109,0.2151401,0.2264087,0.2320538
"2024-11-13 15:49:00",32,0.2055476,0.2131521,0.2169514,0.197375,0.2096409,0.2136827
"2024-11-13 15:50:00",33,0.19972,0.2063355,0.2105497,0.1912321,0.2030103,0.2064252
"2024-11-13 15:51:00",34,0.2013713,0.2075157,0.2123213,0.192544,0.2043763,0.2074725
"2024-11-13 15:52:00",35,0.188211,0.1937269,0.1984756,0.179659,0.1906165,0.1933748
"2024-11-13 15:53:00",36,0.2009077,0.2065324,0.2117038,0.1918286,0.2037135,0.2065641
"2024-11-13 15:54:00",37,0.2008353,0.2062775,0.2116269,0.1916034,0.203572,0.2062733
"2024-11-13 15:55:00",38,0.1942632,0.1994049,0.2046674,0.1851427,0.1966836,0.1991758
"2024-11-13 15:56:00",39,0.1817419,0.1862895,0.1910432,0.1730363,0.1838436,0.1858706
"2024-11-13 15:57:00",40,4.438452,4.448349,4.39079,4.383949,4.073473,4.009502
"2024-11-13 15:58:00",41,5.857852,5.878407,5.793482,5.788449,5.372297,5.274537
"2024-11-13 15:59:00",42,0.302635,0.2932169,0.3665703,0.2579145,0.2396479,0.2854529
"2024-11-13 16:00:00",43,5.4108,5.49884,5.429785,5.311091,4.947008,4.933894
"2024-11-13 16:01:00",44,5.469129,5.603569,5.54438,5.36925,5.042408,4.996672
"2024-11-13 16:02:00",45,5.458525,5.592959,5.534321,5.358978,5.032047,4.986841
"2024-11-13 16:03:00",46,5.449863,5.582886,5.52422,5.34942,5.02416,4.978132
"2024-11-13 16:04:00",47,5.442573,5.574785,5.516715,5.341352,5.016365,4.970952
"2024-11-13 16:05:00",48,5.434855,5.565973,5.508556,5.333585,5.007985,4.962843
"2024-11-13 16:06:00",49,5.427536,5.557911,5.501918,5.32709,5.002237,4.956901
"2024-11-13 16:07:00",50,5.422574,5.552495,5.497383,5.322935,4.99765,4.952667
"2024-11-13 16:08:00",51,5.420618,5.550465,5.49534,5.319474,4.994213,4.950009
"2024-11-13 16:09:00",52,5.416746,5.545946,5.491348,5.315894,4.989867,4.945849
"2024-11-13 16:10:00",53,5.412968,5.542345,5.488845,5.313135,4.987289,4.94452
"2024-11-13 16:11:00",54,5.410801,5.539691,5.4863,5.309906,4.984236,4.941083
"2024-11-13 16:12:00",55,5.407665,5.536226,5.483793,5.307407,4.981085,4.938566
"2024-11-13 16:13:00",56,5.406963,5.534843,5.48222,5.303971,4.97814,4.935906
"2024-11-13 16:14:00",57,5.404074,5.532218,5.480107,5.303182,4.978087,4.93525
"2024-11-13 16:15:00",58,5.402599,5.529526,5.478418,5.300201,4.974627,4.933707
"2024-11-13 16:16:00",59,5.402503,5.530646,5.47915,5.301004,4.975816,4.933959
"2024-11-13 16:17:00",60,5.397522,5.524008,5.474035,5.294003,4.968291,4.929009
"2024-11-13 16:18:00",61,5.394068,5.520987,5.470856,5.291131,4.964966,4.925335
"2024-11-13 16:19:00",62,5.402155,5.519642,5.468887,5.292967,4.963206,4.931836
"2024-11-13 16:20:00",63,5.408848,5.516107,5.467205,5.292226,4.960268,4.938027
"2024-11-13 16:21:00",64,5.407358,5.514536,5.465746,5.291758,4.959874,4.937196
"2024-11-13 16:22:00",65,5.402362,5.50836,5.459118,5.285796,4.953829,4.931479
"2024-11-13 16:23:00",66,5.402107,5.508836,5.460171,5.285472,4.953754,4.932011
"2024-11-13 16:24:00",67,5.404285,5.511392,5.461618,5.286621,4.955957,4.933186
"2024-11-13 16:25:00",68,5.401947,5.509781,5.461159,5.28698,4.955812,4.931729
"2024-11-13 16:26:00",69,5.401984,5.509729,5.460818,5.286748,4.955852,4.93166
"2024-11-13 16:27:00",70,5.402613,5.120694,4.976426,5.058886,4.521745,4.518999
"2024-11-13 16:28:00",71,5.398003,5.503345,5.455599,5.271372,4.949976,4.923912
"2024-11-13 16:29:00",72,5.396873,5.502088,5.455044,5.270515,4.948914,4.92262
"2024-11-13 16:30:00",73,5.397409,5.503644,5.456711,5.272252,4.949903,4.923252
"2024-11-13 16:31:00",74,5.397234,5.503911,5.457028,5.272644,4.950451,4.923809
"2024-11-13 16:32:00",75,5.399436,5.504299,5.456716,5.272352,4.950785,4.924824
"2024-11-13 16:33:00",76,5.398532,5.50414,5.457399,5.273223,4.951304,4.924398
"2024-11-13 16:34:00",77,5.397382,5.503012,5.455842,5.270817,4.947985,4.92206
"2024-11-13 16:35:00",78,5.396717,5.501264,5.454704,5.270212,4.948083,4.92276
"2024-11-13 16:36:00",79,5.397917,5.502583,5.456156,5.271239,4.949375,4.923716
"2024-11-13 16:37:00",80,5.397463,5.502333,5.45497,5.27094,4.949808,4.923837
"2024-11-13 16:38:00",81,5.397295,5.501131,5.454146,5.270504,4.949627,4.924976
"2024-11-13 16:39:00",82,5.397364,5.502929,5.45552,5.270667,4.948547,4.922389
"2024-11-13 16:40:00",83,5.393635,5.498705,5.452124,5.267736,4.945841,4.919632
"2024-11-13 16:41:00",84,5.392087,5.496702,5.44946,5.265693,4.943156,4.917161
"2024-11-13 16:42:00",85,5.386148,5.491175,5.444166,5.260498,4.937624,4.911687
"2024-11-13 16:43:00",86,5.380169,5.484126,5.436997,5.254155,4.930519,4.906013
"2024-11-13 16:44:00",87,5.379526,5.483291,5.435649,5.253323,4.929511,4.905817
"2024-11-13 16:45:00",88,5.382505,5.485449,5.438172,5.256351,4.933054,4.908583
"2024-11-13 16:46:00",89,5.382608,5.486233,5.439327,5.256964,4.933466,4.908725
"2024-11-13 16:47:00",90,5.380896,5.484276,5.436861,5.255241,4.931283,4.906609
"2024-11-13 16:48:00",91,5.381456,5.484753,5.437869,5.256343,4.93229,4.907113
"2024-11-13 16:49:00",92,5.379375,5.482137,5.435217,5.254706,4.93018,4.905628
"2024-11-13 16:50:00",93,5.379076,5.482121,5.434752,5.253583,4.929429,4.904376
"2024-11-13 16:51:00",94,5.377766,5.480555,5.432907,5.251843,4.92782,4.903149
"2024-11-13 16:52:00",95,5.381492,5.451314,5.292746,5.253754,4.929138,4.909268
"2024-11-13 16:53:00",96,5.375018,5.47868,5.429905,5.249582,4.925205,4.901704
"2024-11-13 16:54:00",97,5.375683,5.479589,5.430082,5.249355,4.925467,4.900905
"2024-11-13 16:55:00",98,5.376264,5.479815,5.430072,5.250228,4.925856,4.901688
"2024-11-13 16:56:00",99,5.377862,5.480535,5.432013,5.250892,4.927975,4.902578
"2024-11-13 16:57:00",100,5.376851,5.481272,5.431604,5.251767,4.928051,4.903418
"2024-11-13 16:58:00",101,5.379423,5.482615,5.433917,5.253408,4.929554,4.904876
"2024-11-13 16:59:00",102,5.379726,5.483223,5.434027,5.253238,4.930009,4.906259
"2024-11-13 17:00:00",103,5.378956,5.482676,5.433906,5.254397,4.931072,4.906378
"2024-11-13 17:01:00",104,5.37992,5.483981,5.434403,5.254217,4.930849,4.906291
"2024-11-13 17:02:00",105,5.369781,5.471853,5.422491,5.245075,4.919948,4.894981
"2024-11-13 17:03:00",106,5.368656,5.472851,5.424317,5.243535,4.919653,4.897083
"2024-11-13 17:04:00",107,5.374416,5.479309,5.430787,5.248297,4.926045,4.901507
"2024-11-13 17:05:00",108,5.375725,5.480859,5.431976,5.248565,4.926748,4.901394
"2024-11-13 17:06:00",109,5.373898,5.478987,5.43045,5.247094,4.925439,4.900525
"2024-11-13 17:07:00",110,5.373375,5.477945,5.429389,5.247045,4.924694,4.900157
"2024-11-13 17:08:00",111,5.372581,5.478173,5.429384,5.247109,4.925018,4.900157
"2024-11-13 17:09:00",112,5.373055,5.478389,5.430208,5.246976,4.92443,4.900079
"2024-11-13 17:10:00",113,5.372038,5.476839,5.429738,5.245691,4.923206,4.900103
"2024-11-13 17:11:00",114,5.374241,5.480146,5.431932,5.248181,4.926002,4.901786
"2024-11-13 17:12:00",115,5.372728,5.477701,5.429605,5.24614,4.924174,4.899507
"2024-11-13 17:13:00",116,5.370171,5.474117,5.427616,5.244758,4.922143,4.898397
"2024-11-13 17:14:00",117,5.36849,5.473065,5.424789,5.24376,4.919918,4.896526
"2024-11-13 17:15:00",118,5.367477,5.472393,5.424455,5.242116,4.919833,4.895259
"2024-11-13 17:16:00",119,5.368298,5.474161,5.425725,5.243216,4.920518,4.897001
"2024-11-13 17:17:00",120,5.366993,5.47181,5.423136,5.241582,4.917993,4.894318
"2024-11-13 17:18:00",121,5.371686,5.476521,5.435555,5.244024,4.92014,4.900706
"2024-11-13 17:19:00",122,5.370016,5.473797,5.425929,5.242957,4.919855,4.897465
"2024-11-13 17:20:00",123,5.36972,5.476772,5.432915,5.242961,4.920224,4.89638
"2024-11-13 17:21:00",124,5.366161,5.469661,5.422121,5.239345,4.916168,4.89404
"2024-11-13 17:22:00",125,5.363972,5.466888,5.418906,5.237618,4.913487,4.891901
"2024-11-13 17:23:00",126,5.364991,5.468275,5.420193,5.23759,4.913735,4.892362
"2024-11-13 17:24:00",127,5.364601,5.46801,5.420382,5.237464,4.913846,4.89236
"2024-11-13 17:25:00",128,5.365269,5.467958,5.420493,5.238409,4.914809,4.893351
"2024-11-13 17:26:00",129,5.364817,5.468331,5.421003,5.240211,4.915603,4.893567
"2024-11-13 17:27:00",130,5.3674,5.470139,5.421819,5.240294,4.916422,4.894177
"2024-11-13 17:28:00",131,5.367397,5.470554,5.422278,5.242163,4.918003,4.895714
"2024-11-13 17:29:00",132,5.366332,5.469775,5.422286,5.241719,4.917816,4.895678
"2024-11-13 17:30:00",133,5.367689,5.470948,5.422453,5.241414,4.917882,4.895231
"2024-11-13 17:31:00",134,5.367544,5.47066,5.42252,5.241588,4.917643,4.894963
"2024-11-13 17:32:00",135,5.367714,5.47132,5.423162,5.242473,4.918382,4.895829
"2024-11-13 17:33:00",136,5.367515,5.470581,5.422643,5.24199,4.918044,4.895749
"2024-11-13 17:34:00",137,5.364488,5.467504,5.419367,5.238882,4.915684,4.892825
"2024-11-13 17:35:00",138,5.361727,5.46446,5.416527,5.236382,4.911921,4.889454
"2024-11-13 17:36:00",139,5.360659,5.464373,5.415735,5.235494,4.911131,4.889114
"2024-11-13 17:37:00",140,5.358971,5.46264,5.413703,5.234089,4.9095,4.8873
"2024-11-13 17:38:00",141,5.356767,5.459638,5.410856,5.231787,4.906498,4.884464
"2024-11-13 17:39:00",142,5.354664,5.457907,5.409561,5.229832,4.904787,4.883045
"2024-11-13 17:40:00",143,5.353779,5.456494,5.407818,5.227995,4.903481,4.881186
"2024-11-13 17:41:00",144,5.352228,5.454895,5.40594,5.227203,4.901797,4.879888
"2024-11-13 17:42:00",145,5.351397,5.45394,5.404797,5.226021,4.900291,4.878477
"2024-11-13 17:43:00",146,5.350452,5.453261,5.404233,5.226112,4.90049,4.878828
"2024-11-13 17:44:00",147,5.34988,5.452985,5.403713,5.225563,4.899744,4.877902
"2024-11-13 17:45:00",148,1.712945,1.751702,1.717828,1.690235,1.595675,1.543785
"2024-11-13 17:47:00",149,0.2837389,0.2880505,0.2943428,0.2792008,0.2659601,0.267293
"2024-11-13 17:48:00",150,0.2812206,0.285591,0.2912199,0.2771456,0.2637033,0.2644488
"2024-11-13 17:49:00",151,0.2798451,0.2840449,0.2894177,0.2758438,0.2622076,0.2624605
"2024-11-13 17:50:00",152,0.2823016,0.2867767,0.2925982,0.2781652,0.2642849,0.2651266
"2024-11-13 17:51:00",153,0.2800848,0.2842489,0.2898993,0.2759946,0.2616241,0.262886
"2024-11-15 10:14:00",154,30.47044,29.95881,29.3826,30.04027,31.21558,31.20862
"2024-11-15 10:15:00",155,33.85361,33.17041,32.08802,33.28054,34.4497,34.24387
"2024-11-15 10:16:00",156,35.38932,34.61563,33.24181,34.75153,35.91338,35.5871
"2024-11-15 10:17:00",157,34.46415,33.71763,32.39196,33.85477,35.00348,34.66392
"2024-11-15 10:18:00",158,33.738,33.02318,31.71582,33.15586,34.28448,33.93904
"2024-11-15 10:19:00",159,32.30977,31.643,30.43933,31.77226,32.84527,32.54338
"2024-11-15 10:20:00",160,27.57657,27.11218,26.46565,27.17852,28.1951,28.13023
"2024-11-15 10:21:00",161,28.01101,27.54856,26.75562,27.63012,28.61909,28.46063
"2024-11-15 10:22:00",162,24.26453,23.94956,23.59543,23.988,24.91237,24.95888
"2024-11-15 10:23:00",163,22.39814,22.16662,21.99682,22.18889,23.06503,23.18416
"2024-11-15 10:24:00",164,21.65975,21.4662,21.34409,21.48924,22.32967,22.45772
"2024-11-15 10:25:00",165,21.55353,21.37628,21.2359,21.40639,22.22259,22.32904
"2024-11-15 10:26:00",166,21.82646,21.64943,21.4591,21.68412,22.49252,22.56363
"2024-11-15 10:27:00",167,22.84704,22.64109,22.29528,22.69131,23.50069,23.48697
"2024-11-15 10:28:00",168,22.68964,22.48821,22.12782,22.54082,23.33201,23.30465
"2024-11-15 10:29:00",169,22.98514,22.77659,22.32918,22.84041,23.62379,23.54988
"2024-11-15 10:30:00",170,26.87399,26.5619,25.56301,26.68168,27.51237,27.15128
"2024-11-15 10:31:00",171,37.02615,36.44197,34.16177,36.68964,37.69515,36.6586
"2024-11-15 10:32:00",172,42.36235,41.64529,38.81843,41.93897,43.09325,41.77771
"2024-11-15 10:33:00",173,51.12869,50.1632,46.34062,50.53315,51.89727,50.07919
"2024-11-15 10:34:00",174,56.16139,55.08519,50.67569,55.48785,57.01829,54.88866
"2024-11-15 10:35:00",175,47.94543,47.05276,43.71184,47.33765,48.72458,47.15919
"2024-11-15 10:36:00",176,48.59393,47.68315,44.25772,47.98456,49.36411,47.7552
"2024-11-15 10:37:00",177,41.0358,40.27832,37.82373,40.50798,41.73653,40.62383
"2024-11-15 10:38:00",178,50.46012,49.51226,45.80111,49.8633,51.2233,49.45607
"2024-11-15 10:39:00",179,49.88092,48.97695,45.32856,49.31566,50.66159,48.91924
"2024-11-15 10:40:00",180,48.15165,47.34595,43.91916,47.66013,48.97451,47.30799
"2024-11-15 10:41:00",181,32.52916,32.07554,30.70212,32.22741,33.22556,32.69642
"2024-11-15 10:42:00",182,28.49898,28.18898,27.41968,28.28476,29.23969,29.02584
"2024-11-15 10:43:00",183,28.28075,28.0084,27.36679,28.08893,29.07054,28.92402
"2024-11-15 10:44:00",184,35.31154,34.94635,33.54003,35.09784,36.23071,35.67154
"2024-11-15 10:45:00",185,37.44203,37.07019,35.53634,37.21825,38.43727,37.78704
"2024-11-15 10:46:00",186,33.25346,32.97856,32.11958,33.06934,34.26136,33.96968
"2024-11-15 10:47:00",187,30.60927,30.41625,30.06523,30.47426,31.65776,31.64934
"2024-11-15 10:48:00",188,31.37956,31.22387,30.98707,31.27442,32.53853,32.57035
"2024-11-15 10:49:00",189,33.16251,32.99651,32.72789,33.04905,34.39327,34.40071
"2024-11-15 10:50:00",190,32.46412,32.30972,32.26156,32.33221,33.69221,33.82885
"2024-11-15 10:51:00",191,31.78857,31.62725,31.68738,31.63983,32.96777,33.16547
"2024-11-15 10:52:00",192,30.62444,30.46354,30.58112,30.47567,31.72334,31.93748
"2024-11-15 10:53:00",193,29.63237,29.48485,29.61705,29.49378,30.66537,30.87205
"2024-11-15 10:54:00",194,29.02519,28.90511,29.03194,28.90798,30.03725,30.21183
"2024-11-15 10:55:00",195,28.29037,28.18542,28.33067,28.1974,29.26075,29.43146
"2024-11-15 10:56:00",196,27.12107,27.0491,27.21898,27.07622,28.03463,28.20813
"2024-11-15 10:57:00",197,25.94556,25.93977,26.10313,25.98651,26.8299,26.98842
"2024-11-15 10:58:00",198,25.3088,25.36783,25.48933,25.43531,26.20504,26.31702
"2024-11-15 10:59:00",199,25.07233,25.15075,25.20821,25.22996,25.96189,26.01873
"2024-11-15 11:00:00",200,25.07521,25.12294,25.09474,25.20971,25.92648,25.92319
"2024-11-15 11:01:00",201,25.06093,25.05016,24.96658,25.14522,25.85699,25.81918
"2024-11-15 11:02:00",202,25.14573,25.10605,24.95745,25.21259,25.90162,25.82333
"2024-11-15 11:03:00",203,25.90816,25.85936,25.55324,25.9833,26.64341,26.47623
"2024-11-15 11:04:00",204,25.55085,25.50922,25.18319,25.62816,26.2378,26.08197
"2024-11-15 11:05:00",205,25.23485,25.21852,24.88199,25.33295,25.8994,25.74892
"2024-11-15 11:06:00",206,25.1927,25.19943,24.84637,25.31989,25.85142,25.70187
"2024-11-15 11:07:00",207,25.54679,25.6255,25.22864,25.74575,26.26974,26.089
"2024-11-15 11:08:00",208,27.6875,27.8691,27.29699,27.99847,28.58989,28.29046
"2024-11-15 11:09:00",209,32.76182,32.98423,31.95387,33.17172,33.92294,33.34313
"2024-11-15 11:10:00",210,36.00362,36.18524,34.85873,36.40959,37.27882,36.53125
"2024-11-15 11:11:00",211,35.95505,36.0937,34.75265,36.31923,37.2012,36.45481
"2024-11-15 11:12:00",212,32.45422,32.56645,31.63185,32.73903,33.57432,33.08967
"2024-11-15 11:13:00",213,32.82351,32.92156,31.95039,33.07878,33.95234,33.43594
"2024-11-15 11:14:00",214,38.46167,38.53854,36.95295,38.76962,39.75992,38.89001
"2024-11-15 11:15:00",215,56.57851,56.67875,53.05818,57.09354,58.46654,56.37131
"2024-11-15 11:16:00",216,70.17523,70.33239,65.34657,70.87035,72.67544,69.7288
"2024-11-15 11:17:00",217,71.68331,71.84534,67.09358,72.33335,74.34155,71.51354
"2024-11-15 11:18:00",218,64.08447,64.21904,60.83599,64.59746,66.58385,64.60558
"2024-11-15 11:19:00",219,61.05875,61.12187,58.432,61.43708,63.38305,61.87083
"2024-11-15 11:20:00",220,47.30316,47.31499,46.36666,47.43674,49.08928,48.66252
"2024-11-15 11:21:00",221,43.69273,43.7019,43.00135,43.79487,45.30999,45.00796
"2024-11-15 11:22:00",222,37.08147,37.0776,36.87066,37.15188,38.39919,38.39193
"2024-11-15 11:23:00",223,31.51912,31.55066,31.69835,31.59299,32.62908,32.82244
"2024-11-15 11:24:00",224,28.50475,28.57199,28.799,28.61734,29.51683,29.72609
"2024-11-15 11:25:00",225,26.29768,26.37691,26.63154,26.44242,27.2221,27.43436
"2024-11-15 11:26:00",226,24.66252,24.75716,25.00192,24.82677,25.52163,25.72041
"2024-11-15 11:27:00",227,23.8437,23.97208,24.16844,24.03672,24.70061,24.85041
"2024-11-15 11:28:00",228,23.91417,24.08495,24.20989,24.14899,24.83392,24.92097
"2024-11-15 11:29:00",229,24.77963,24.98459,25.03842,25.05862,25.80676,25.83318
"2024-11-15 11:30:00",230,26.38722,26.6046,26.59937,26.68907,27.53805,27.52126
"2024-11-15 11:31:00",231,28.65157,28.85302,28.77307,28.94261,29.91982,29.86028
"2024-11-15 11:32:00",232,31.77095,31.9372,31.66939,32.04366,33.14837,32.98196
"2024-11-15 11:33:00",233,33.73027,33.85678,33.49417,33.96825,35.16125,34.93777
"2024-11-15 11:34:00",234,35.61001,35.70652,35.27713,35.81194,37.1095,36.83126
"2024-11-15 11:35:00",235,37.89799,37.92597,37.45606,38.02106,39.444,39.14954
"2024-11-15 11:36:00",236,39.16348,39.09594,38.64616,39.18962,40.67759,40.41258
"2024-11-15 11:37:00",237,42.40828,42.32582,41.46953,42.45893,43.95932,43.44497
"2024-11-15 11:38:00",238,42.13171,42.06384,41.03123,42.19474,43.58608,42.96118
"2024-11-15 11:39:00",239,36.54979,36.46148,35.76637,36.5542,37.71082,37.29885
"2024-11-15 11:40:00",240,33.82412,33.77168,33.04206,33.8676,34.84054,34.40179
"2024-11-15 11:41:00",241,32.14647,32.14608,31.28756,32.26166,33.09232,32.55476
"2024-11-15 11:42:00",242,29.05307,29.06216,28.32553,29.1822,29.87602,29.4054
"2024-11-15 11:43:00",243,28.84708,28.8887,28.02068,29.02305,29.67948,29.12648
"2024-11-15 11:44:00",244,29.09314,29.16082,28.16937,29.30643,29.95806,29.3216
"2024-11-15 11:45:00",245,26.59005,26.62151,25.88576,26.75879,27.35798,26.88688
"2024-11-15 11:46:00",246,25.98811,26.02457,25.3756,26.16128,26.7574,26.3482
"2024-11-15 11:47:00",247,26.64053,26.69971,26.06069,26.83266,27.46244,27.07575
"2024-11-15 11:48:00",248,27.86967,27.96675,27.29337,28.10426,28.78669,28.37506
"2024-11-15 11:49:00",249,30.02343,30.16092,29.33724,30.32449,31.06398,30.55813
"2024-11-15 11:50:00",250,34.79146,35.00022,33.70787,35.22055,36.07507,35.26238
"2024-11-15 11:51:00",251,40.14593,40.39475,38.59543,40.67167,41.66797,40.52739
"2024-11-15 11:52:00",252,49.10154,49.42936,46.77016,49.78225,51.04912,49.3456
"2024-11-15 11:53:00",253,61.53948,61.97918,58.13484,62.42653,64.08604,61.57389
"2024-11-15 11:54:00",254,70.32896,70.79804,66.20431,71.3577,73.2406,70.27129
"2024-11-15 11:55:00",255,73.21696,73.72334,68.92527,74.32896,76.22294,73.15005
"2024-11-15 11:56:00",256,69.45118,70.00938,65.56853,70.56358,72.27032,69.42617
"2024-11-15 11:57:00",257,57.43132,57.90637,54.66048,58.31947,59.67093,57.59316
"2024-11-15 11:58:00",258,65.32227,66.10063,61.65371,66.67449,68.0147,65.15414
"2024-11-15 11:59:00",259,66.98151,67.89616,62.99565,68.5047,69.792,66.61301
"2024-11-15 12:00:00",260,53.79022,54.49298,50.91113,54.94405,55.92091,53.59425
"2024-11-15 12:01:00",261,44.24192,44.7597,42.13844,45.11604,45.87932,44.18169
"2024-11-15 12:02:00",262,47.87302,48.48967,45.35843,48.92429,49.71808,47.71441
"2024-11-15 12:03:00",263,49.29998,49.97244,46.61151,50.40446,51.22012,49.07332
"2024-11-15 12:04:00",264,46.79154,47.4445,44.33537,47.82245,48.62187,46.64622
"2024-11-15 12:05:00",265,60.41403,61.39508,56.69401,61.94825,63.01442,60.01146
"2024-11-15 12:06:00",266,75.54378,76.86317,70.43305,77.60485,79.00043,74.87228
"2024-11-15 12:07:00",267,63.55806,64.5591,59.58552,65.15032,66.39328,63.19354
"2024-11-15 12:08:00",268,63.62735,64.61457,59.69867,65.17609,66.47543,63.29744
"2024-11-15 12:09:00",269,49.12726,49.71891,46.58467,50.11766,51.17987,49.15152
"2024-11-15 12:10:00",270,40.55046,40.86892,38.89343,41.15032,42.13794,40.85555
"2024-11-15 12:11:00",271,35.20002,35.27334,34.09984,35.48484,36.46696,35.71739
"2024-11-15 12:12:00",272,33.7604,33.70045,32.74454,33.88045,34.85117,34.26036
"2024-11-15 12:13:00",273,31.54066,31.41129,30.55214,31.56703,32.4164,31.91389
"2024-11-15 12:14:00",274,29.95766,29.87374,28.92867,30.03818,30.73089,30.19354
"2024-11-15 12:15:00",275,33.88048,34.02647,32.45662,34.25908,34.93232,33.99804
"2024-11-15 12:16:00",276,43.02621,43.4879,40.88748,43.82196,44.65637,43.03777
"2024-11-15 12:17:00",277,45.65878,46.1447,43.46066,46.49646,47.48554,45.79345
"2024-11-15 12:18:00",278,53.19871,53.78292,50.56779,54.20529,55.44857,53.41417
"2024-11-15 12:19:00",279,49.0864,49.44077,47.04271,49.75911,51.06125,49.56356
"2024-11-15 12:20:00",280,46.44375,46.69347,44.88638,46.93489,48.28165,47.16463
"2024-11-15 12:21:00",281,47.94799,48.23762,46.5069,48.49343,49.91148,48.84579
"2024-11-15 12:22:00",282,55.29138,55.78905,53.45474,56.14524,57.69177,56.25853
"2024-11-15 12:23:00",283,67.76481,68.66048,65.11423,69.16486,70.94309,68.70651
"2024-11-15 12:24:00",284,76.00457,77.15795,72.90696,77.69096,79.6804,76.96093
"2024-11-15 12:25:00",285,69.61438,70.52539,67.24086,70.95365,72.94758,70.84571
"2024-11-15 12:26:00",286,70.85344,71.72364,68.49632,72.13305,74.23667,72.16446
"2024-11-15 12:27:00",287,76.11856,77.11781,73.43255,77.60682,79.81943,77.45464
"2024-11-15 12:28:00",288,86.4957,87.83276,83.04313,88.43526,90.79673,87.73657
"2024-11-15 12:29:00",289,80.24587,81.44234,77.34785,81.93887,84.14486,81.52088
"2024-11-15 12:30:00",290,66.22724,67.09037,64.49335,67.4782,69.35601,67.72655
"2024-11-15 12:31:00",291,98.74792,100.8385,94.37906,101.5277,103.8866,99.71001
"2024-11-15 12:32:00",292,96.05076,98.12131,91.90515,98.83691,101.132,97.05045
"2024-11-15 12:33:00",293,89.26682,91.17226,85.65195,91.79388,93.94873,90.33157
"2024-11-15 12:34:00",294,84.12188,85.90661,80.93629,86.46476,88.50638,85.25147
"2024-11-15 12:35:00",295,74.55176,76.00776,72.11332,76.46945,78.33566,75.79404
"2024-11-15 12:36:00",296,72.0614,73.44113,69.81704,73.89373,75.72372,73.34325
"2024-11-15 12:37:00",297,68.56805,69.79834,66.57006,70.21777,71.95544,69.84866
"2024-11-15 12:38:00",298,71.52132,72.86516,69.31407,73.35626,75.11465,72.79697
"2024-11-15 12:39:00",299,82.7062,84.45021,79.66036,85.05343,87.03416,83.88634
"2024-11-15 12:40:00",300,72.93601,74.25906,70.63552,74.74423,76.57891,74.2075
"2024-11-15 12:41:00",301,65.61411,66.62453,63.8819,67.02166,68.74657,66.96048
"2024-11-15 12:42:00",302,74.19353,75.51748,71.83813,76.00311,77.83051,75.42802
"2024-11-15 12:43:00",303,70.70371,71.87341,68.63461,72.31381,74.09573,71.97392
"2024-11-15 12:44:00",304,69.60069,70.74326,67.6327,71.17008,72.93061,70.90112
"2024-11-15 12:45:00",305,69.25316,70.39115,67.31585,70.81722,72.54043,70.53623
"2024-11-15 12:46:00",306,65.17134,66.17691,63.55056,66.54903,68.20654,66.5078
"2024-11-15 12:47:00",307,65.88369,66.92162,64.20348,67.30491,68.97805,67.2096
"2024-11-15 12:48:00",308,66.48064,67.49229,64.76841,67.87945,69.58035,67.82847
"2024-11-15 12:49:00",309,64.2908,65.13921,62.81129,65.46937,67.22647,65.75266
"2024-11-15 12:50:00",310,65.13178,65.94717,63.65974,66.27222,68.11153,66.68694
"2024-11-15 12:51:00",311,70.97578,71.97477,69.12382,72.36947,74.3475,72.54235
"2024-11-15 12:52:00",312,70.18916,71.11246,68.3991,71.46674,73.49294,71.76604
"2024-11-15 12:53:00",313,59.52478,59.9458,58.48664,60.19014,62.1039,61.20779
"2024-11-15 12:54:00",314,66.75512,67.481,65.23442,67.82635,69.82099,68.42496
"2024-11-15 12:55:00",315,59.32921,59.76573,58.27727,60.00229,61.90489,61.01004
"2024-11-15 12:56:00",316,48.22108,48.30039,47.89455,48.42693,50.15912,49.95845
"2024-11-15 12:57:00",317,59.43468,60.16011,58.29099,60.46854,62.18724,61.01425
"2024-11-15 12:58:00",318,69.15844,70.34612,67.3148,70.75066,72.48367,70.53239
"2024-11-15 12:59:00",319,51.14612,51.56113,50.51528,51.75994,53.39547,52.75761
"2024-11-15 13:00:00",320,42.37488,42.40709,42.21923,42.51043,44.09214,44.01348
"2024-11-15 13:01:00",321,41.61122,41.63044,41.34351,41.74944,43.2411,43.10513
"2024-11-15 13:02:00",322,38.60342,38.51292,38.36366,38.60789,40.03007,40.00184
"2024-11-15 13:03:00",323,37.34515,37.21504,37.08447,37.29312,38.70729,38.69223
"2024-11-15 13:04:00",324,36.47884,36.3052,36.23374,36.37317,37.80667,37.834
"2024-11-15 13:05:00",325,36.70906,36.52765,36.46405,36.59297,38.05002,38.10606
"2024-11-15 13:06:00",326,37.56127,37.38586,37.30006,37.44953,38.94773,39.01261
"2024-11-15 13:07:00",327,38.82275,38.67619,38.51414,38.73769,40.27734,40.31219
"2024-11-15 13:08:00",328,42.16402,42.13717,41.66214,42.22987,43.8309,43.65808
"2024-11-15 13:09:00",329,52.64772,53.02702,51.48083,53.22561,54.96981,54.09829
"2024-11-15 13:10:00",330,47.45929,47.46046,46.60345,47.57506,49.38508,48.97619
"2024-11-15 13:11:00",331,46.68556,46.56971,45.87638,46.66961,48.50928,48.22102
"2024-11-15 13:12:00",332,45.42165,45.20515,44.67651,45.2819,47.15325,46.97865
"2024-11-15 13:13:00",333,43.06768,42.73749,42.43824,42.78226,44.62965,44.62851
"2024-11-15 13:14:00",334,41.7416,41.39236,41.1589,41.41407,43.24725,43.26962
"2024-11-15 13:15:00",335,41.17073,40.83404,40.60009,40.85889,42.67211,42.67097
"2024-11-15 13:16:00",336,40.13093,39.76951,39.65065,39.79761,41.57131,41.66278
"2024-11-15 13:17:00",337,38.85655,38.49871,38.50805,38.50614,40.24823,40.42884
"2024-11-15 13:18:00",338,37.37695,37.01758,37.09608,37.00843,38.70744,38.92267
"2024-11-15 13:19:00",339,35.74079,35.3504,35.46223,35.33731,36.98216,37.20358
"2024-11-15 13:20:00",340,33.80608,33.37135,33.52275,33.36015,34.92717,35.17282
"2024-11-15 13:21:00",341,31.30447,30.86172,31.06052,30.84643,32.28907,32.57295
"2024-11-15 13:22:00",342,28.69743,28.29797,28.5162,28.28012,29.57897,29.8754
"2024-11-15 13:23:00",343,26.45103,26.11215,26.30528,26.10388,27.26826,27.53848
"2024-11-15 13:24:00",344,24.81356,24.52773,24.66324,24.53426,25.598,25.81327
"2024-11-15 13:25:00",345,23.86971,23.62234,23.69437,23.63799,24.64614,24.80114
"2024-11-15 13:26:00",346,23.44797,23.22082,23.25003,23.24,24.22506,24.34096
"2024-11-15 13:27:00",347,23.25278,23.04244,23.0597,23.05511,24.03279,24.12913
"2024-11-15 13:28:00",348,23.12088,22.92919,22.95494,22.93608,23.90476,23.99616
"2024-11-15 13:29:00",349,23.00161,22.83415,22.88072,22.83486,23.78966,23.88471
"2024-11-15 13:30:00",350,22.84282,22.70295,22.77112,22.69965,23.63675,23.73507
"2024-11-15 13:31:00",351,22.68847,22.58136,22.66212,22.58073,23.49226,23.59184
"2024-11-15 13:32:00",352,22.78406,22.72641,22.81025,22.72833,23.62971,23.72215
"2024-11-15 13:33:00",353,23.34754,23.34231,23.43735,23.34664,24.27135,24.36057
"2024-11-15 13:34:00",354,24.12831,24.15118,24.28685,24.15417,25.12545,25.23632
"2024-11-15 13:35:00",355,24.63717,24.66291,24.85467,24.66388,25.67522,25.82078
"2024-11-15 13:36:00",356,24.65825,24.6831,24.914,24.68287,25.70983,25.87662
"2024-11-15 13:37:00",357,24.47737,24.50351,24.73642,24.50739,25.54007,25.69552
"2024-11-15 13:38:00",358,24.39264,24.4028,24.6264,24.41201,25.45014,25.6043
"2024-11-15 13:39:00",359,24.33526,24.33649,24.53891,24.34689,25.39074,25.53321
"2024-11-15 13:40:00",360,24.54242,24.56066,24.72303,24.57247,25.6285,25.73136
"2024-11-15 13:41:00",361,25.26936,25.32161,25.43964,25.345,26.41707,26.48328
"2024-11-15 13:42:00",362,26.68904,26.82253,26.88054,26.85953,27.9626,27.97348
"2024-11-15 13:43:00",363,29.37665,29.62816,29.6089,29.68128,30.8794,30.80596
"2024-11-15 13:44:00",364,33.80571,34.16442,34.08756,34.23321,35.61157,35.47714
"2024-11-15 13:45:00",365,39.25329,39.68204,39.58258,39.76209,41.3628,41.2025
"2024-11-15 13:46:00",366,45.52536,46.06631,45.79977,46.16882,47.93645,47.66415
"2024-11-15 13:47:00",367,51.89928,52.61767,52.02131,52.75821,54.64496,54.15552
"2024-11-15 13:48:00",368,54.47946,55.16982,54.56229,55.3143,57.30457,56.81873
"2024-11-15 13:49:00",369,58.44328,59.24663,58.32664,59.43398,61.46246,60.76591
"2024-11-15 13:50:00",370,70.5503,72.05502,69.84064,72.39071,74.40234,72.82603
"2024-11-15 13:51:00",371,99.30231,102.5448,97.34663,103.2385,105.3714,101.7583
"2024-11-15 13:52:00",372,105.0354,108.603,102.7969,109.3188,111.5118,107.5013
"2024-11-15 13:53:00",373,87.36765,89.82082,85.83671,90.30349,92.31673,89.55979
"2024-11-15 13:54:00",374,60.97889,61.72686,60.51156,61.92253,63.99153,63.15399
"2024-11-15 13:55:00",375,60.56554,61.26677,60.00666,61.46832,63.51068,62.64846
"2024-11-15 13:56:00",376,59.16859,59.79667,58.4987,60.00836,61.93692,61.04816
"2024-11-15 13:57:00",377,56.6031,57.0961,55.84523,57.29638,59.19516,58.36499
"2024-11-15 13:58:00",378,48.08551,48.14077,47.56081,48.25811,50.11766,49.75344
"2024-11-15 13:59:00",379,45.18696,45.26198,44.7153,45.37001,47.11142,46.7454
"2024-11-15 14:00:00",380,43.97661,44.1678,43.53683,44.28644,45.90613,45.48005
"2024-11-15 14:01:00",381,53.73077,54.69246,52.89624,54.96582,56.54157,55.29872
"2024-11-15 14:02:00",382,71.61747,73.88166,69.98848,74.3415,75.75156,73.04729
"2024-11-15 14:03:00",383,55.48538,56.9097,54.49171,57.23037,58.47896,56.80078
"2024-11-15 14:04:00",384,42.39885,43.16349,41.96053,43.35357,44.5299,43.68892
"2024-11-15 14:05:00",385,89.37753,93.38373,87.3194,94.09873,95.34393,91.0777
"2024-11-15 14:06:00",386,101.4641,106.1682,99.13024,106.9284,108.4443,103.4163
"2024-11-15 14:07:00",387,90.10101,93.71465,88.32852,94.32605,96.04312,92.12266
"2024-11-15 14:08:00",388,88.56922,91.75857,87.06143,92.34362,94.19476,90.76099
"2024-11-15 14:09:00",389,115.2812,120.2152,113.2949,120.9192,123.0179,117.8836
"2024-11-15 14:10:00",390,128.1251,134.0241,126.1152,134.5835,136.9118,130.9633
"2024-11-15 14:11:00",391,117.2407,122.5558,115.6393,122.8628,125.2774,119.9983
"2024-11-15 14:12:00",392,101.7081,106.0979,100.477,106.3251,108.5999,104.2102
"2024-11-15 14:13:00",393,110.8372,116.046,109.2169,116.2939,118.778,113.2824
"2024-11-15 14:14:00",394,113.2758,118.5202,111.5804,118.8762,121.4619,115.7887
"2024-11-15 14:15:00",395,114.6676,119.728,113.0155,120.1475,122.8255,117.3729
"2024-11-15 14:16:00",396,109.6151,114.1167,108.0999,114.4835,116.9049,112.2772
"2024-11-15 14:17:00",397,65.86348,67.19791,65.41476,67.44891,69.24601,67.97083
"2024-11-15 14:18:00",398,79.54897,82.06142,78.55444,82.44273,84.17871,81.78205
"2024-11-15 14:19:00",399,112.6445,117.3069,110.3856,118.0061,119.9656,115.1872
"2024-11-15 14:20:00",400,121.4765,126.3248,118.9198,127.4042,129.4209,124.2366
"2024-11-15 14:21:00",401,126.3469,131.2946,123.8666,132.6629,134.5315,129.1332
"2024-11-15 14:22:00",402,131.1481,136.4988,128.8076,138.0482,139.6132,134.0124
"2024-11-15 14:23:00",403,124.574,129.9454,122.5786,131.3141,132.547,127.2973
"2024-11-15 14:24:00",404,120.0346,125.6368,118.0415,126.6925,127.8117,122.5136
"2024-11-15 14:25:00",405,113.9725,119.7384,112.1364,120.5397,121.5161,115.9831
"2024-11-15 14:26:00",406,107.9685,113.6667,106.2408,114.3777,115.3446,109.6103
"2024-11-15 14:27:00",407,101.2605,106.7901,99.83028,107.4289,108.2553,102.6732
"2024-11-15 14:28:00",408,40.83265,41.97996,40.77763,42.21425,42.70624,41.67984
"2024-11-15 14:29:00",409,32.32693,32.97039,32.54745,33.15322,33.7127,33.28394
"2024-11-15 14:30:00",410,32.40561,33.05169,32.64084,33.23514,33.8527,33.43127
"2024-11-15 14:31:00",411,33.00429,33.57174,33.20648,33.77093,34.52674,34.13692
"2024-11-15 14:32:00",412,34.75731,35.27575,34.91233,35.46988,36.36449,35.98388
"2024-11-15 14:33:00",413,38.64043,39.32747,38.78656,39.50776,40.50083,39.97653
"2024-11-15 14:34:00",414,40.5497,41.38646,40.68351,41.53461,42.53591,41.90058
"2024-11-15 14:35:00",415,31.95631,32.29541,32.22553,32.39746,33.32036,33.19274
"2024-11-15 14:36:00",416,30.73212,31.12315,31.00443,31.24169,32.07549,31.9032
"2024-11-15 14:37:00",417,31.30789,31.78896,31.60052,31.91493,32.74574,32.51386
"2024-11-15 14:38:00",418,32.16898,32.66727,32.46824,32.80624,33.68174,33.42979
"2024-11-15 14:39:00",419,33.01179,33.486,33.26371,33.63837,34.55357,34.30521
"2024-11-15 14:40:00",420,34.543,35.05478,34.75309,35.20942,36.15897,35.88269
"2024-11-15 14:41:00",421,33.96873,34.36067,34.20913,34.4817,35.55872,35.42038
"2024-11-15 14:42:00",422,33.20249,33.46085,33.43577,33.54271,34.70429,34.6662
"2024-11-15 14:43:00",423,32.15185,32.28514,32.32614,32.36596,33.52294,33.54004
"2024-11-15 14:44:00",424,31.02876,31.11665,31.18658,31.19875,32.29773,32.34689
"2024-11-15 14:45:00",425,30.82814,30.95179,30.99645,31.02734,32.10707,32.13006
"2024-11-15 14:46:00",426,30.74687,30.84685,30.92568,30.90448,32.00695,32.06535
"2024-11-15 14:47:00",427,30.32055,30.40351,30.44088,30.45764,31.52601,31.5708
"2024-11-15 14:48:00",428,29.50117,29.5772,29.60167,29.62301,30.67873,30.7146
"2024-11-15 14:49:00",429,29.5165,29.60921,29.65441,29.65775,30.72321,30.77328
"2024-11-15 14:50:00",430,29.45182,29.5429,29.67544,29.5784,30.68757,30.78355
"2024-11-15 14:51:00",431,28.13383,28.18835,28.38968,28.21946,29.30777,29.44882
"2024-11-15 14:52:00",432,26.82553,26.84605,27.0228,26.88952,27.90681,28.04545
"2024-11-15 14:53:00",433,26.80253,26.80453,26.91536,26.85404,27.85281,27.96191
"2024-11-15 14:54:00",434,27.63937,27.62148,27.68112,27.66979,28.70531,28.80136
"2024-11-15 14:55:00",435,28.068,28.03304,28.06698,28.07717,29.12701,29.22233
"2024-11-15 14:56:00",436,27.35589,27.3731,27.27261,27.42496,28.39152,28.38722
"2024-11-15 14:57:00",437,28.86153,29.06301,28.668,29.14498,30.06809,29.84048
"2024-11-15 14:58:00",438,32.13276,32.43962,31.84962,32.54902,33.56395,33.17557
"2024-11-15 14:59:00",439,53.90584,55.56323,53.06845,56.01693,57.04786,55.3049
"2024-11-15 15:00:00",440,64.43763,66.71726,63.37851,67.45086,68.37507,66.08598
"2024-11-15 15:01:00",441,57.42552,59.25155,56.58549,59.80844,60.73333,58.87882
"2024-11-15 15:02:00",442,42.74135,43.71271,42.4772,43.97118,45.02074,44.11937
"2024-11-15 15:03:00",443,42.38691,43.3532,42.39076,43.54969,44.70268,43.96312
"2024-11-15 15:04:00",444,48.10947,49.35977,48.13673,49.64758,50.81513,49.84319
"2024-11-15 15:05:00",445,45.94156,46.91105,46.0783,47.12255,48.4361,47.75145
"2024-11-15 15:06:00",446,41.44136,42.07651,41.71819,42.19231,43.57742,43.25097
"2024-11-15 15:07:00",447,38.57175,39.15944,38.9089,39.27121,40.49618,40.22104
"2024-11-15 15:08:00",448,42.73586,43.85123,43.04172,44.15697,45.0554,44.29995
"2024-11-15 15:09:00",449,58.41446,60.91563,58.56437,61.61432,62.07216,60.07051
"2024-11-15 15:10:00",450,35.82588,36.58955,36.23878,36.72874,37.65116,37.23484
"2024-11-15 15:11:00",451,36.55695,37.48185,37.07721,37.64213,38.53773,38.05162
"2024-11-15 15:12:00",452,48.9722,50.9318,49.4454,51.3257,52.11545,50.73152
"2024-11-15 15:13:00",453,54.24696,56.56075,54.55718,57.0053,57.71144,55.90194
"2024-11-15 15:14:00",454,37.4169,38.40722,37.84054,38.61828,39.47184,38.83838
"2024-11-15 15:15:00",455,40.80111,42.19312,41.24637,42.47816,43.21574,42.25038
"2024-11-15 15:16:00",456,37.58733,38.75587,38.03923,38.99221,39.75926,38.99683
"2024-11-15 15:17:00",457,32.7431,33.5663,33.14404,33.74099,34.50465,34.01077
"2024-11-15 15:18:00",458,31.14679,31.94015,31.49209,32.11865,32.7838,32.27132
"2024-11-15 15:19:00",459,33.13552,34.22812,33.42379,34.46104,34.95103,34.13495
"2024-11-15 15:20:00",460,25.31543,25.81017,25.57705,25.94816,26.4913,26.18901
"2024-11-15 15:21:00",461,24.96272,25.42713,25.23743,25.54807,26.16792,25.90709
"2024-11-15 15:22:00",462,25.48003,25.90456,25.752,26.01504,26.73635,26.51664
"2024-11-15 15:23:00",463,26.86884,27.24767,27.11979,27.35066,28.21277,28.02641
"2024-11-15 15:24:00",464,28.13021,28.43639,28.37244,28.53266,29.51157,29.38335
"2024-11-15 15:25:00",465,30.23581,30.65866,30.50212,30.76725,31.74039,31.53304
"2024-11-15 15:26:00",466,29.05838,29.39716,29.32526,29.48323,30.44707,30.32879
"2024-11-15 15:27:00",467,29.38746,29.78664,29.60276,29.88825,30.8231,30.63587
"2024-11-15 15:28:00",468,30.5607,31.08507,30.62948,31.2213,32.08305,31.69399
"2024-11-15 15:29:00",469,31.34364,31.8987,31.26265,32.04502,32.91513,32.40356
"2024-11-15 15:30:00",470,34.73114,35.44203,34.54541,35.61958,36.56487,35.84861
"2024-11-15 15:31:00",471,39.03138,39.87307,38.76962,40.07108,41.14254,40.25329
"2024-11-15 15:32:00",472,41.97786,42.81379,41.68193,43.01522,44.22023,43.30415
"2024-11-15 15:33:00",473,50.851,52.3597,50.67474,52.6441,53.8328,52.36543
"2024-11-15 15:34:00",474,53.32275,55.10922,53.28827,55.42079,56.50949,54.87447
"2024-11-15 15:35:00",475,48.46617,50.00446,48.582,50.26635,51.24327,49.95639
"2024-11-15 15:36:00",476,42.99105,44.29295,43.28481,44.4959,45.38469,44.41947
"2024-11-15 15:37:00",477,34.79039,35.53685,35.12393,35.66518,36.53775,36.08892
"2024-11-15 15:38:00",478,32.83739,33.58514,33.23813,33.71867,34.5005,34.07142
"2024-11-15 15:39:00",479,35.89391,37.03882,36.39523,37.24433,37.93775,37.18974
"2024-11-15 15:40:00",480,52.39743,55.10441,53.15146,55.51479,56.07528,53.98111
"2024-11-15 15:41:00",481,60.64909,64.05773,61.55431,64.5655,65.14245,62.4657
"2024-11-15 15:43:00",482,0.1091921,0.1186142,0.09466825,0.1329157,0.1344503,0.09537458
"2024-11-15 15:44:00",483,0.1217505,0.1259277,0.1010059,0.1397684,0.1426462,0.1001149
"2024-11-15 15:45:00",484,0.1267432,0.1313913,0.1063321,0.145604,0.1487145,0.1045265
"2024-11-15 15:46:00",485,0.1112937,0.10715,0.08782288,0.1275976,0.1229063,0.08939797
"2024-11-15 15:47:00",486,0.1130884,0.1081109,0.08989236,0.1291994,0.1247508,0.09136432
"2024-11-15 15:48:00",487,0.1253563,0.120488,0.1020314,0.1412837,0.1391246,0.1033623
"2024-11-15 15:49:00",488,0.1273642,0.1267323,0.1052141,0.142262,0.1422301,0.1052038
"2024-11-15 15:50:00",489,0.1280149,0.1278981,0.1063145,0.1428213,0.1431784,0.1055777
"2024-11-15 15:51:00",490,0.1278569,0.1279094,0.1067991,0.1427952,0.1431255,0.1056185
"2024-11-15 15:52:00",491,0.1328106,0.1328972,0.1119103,0.1475085,0.1486356,0.110909
"2024-11-15 15:53:00",492,0.1325443,0.1325596,0.1110998,0.1472328,0.1487004,0.1105947
"2024-11-15 15:54:00",493,0.1242748,0.1207015,0.09991676,0.139412,0.1385738,0.1021084
"2024-11-15 15:55:00",494,0.1236706,0.1199776,0.0990178,0.1388443,0.1379677,0.1014492
"2024-11-15 15:56:00",495,0.122108,0.1183589,0.09772491,0.1369279,0.136076,0.09980647
"2024-11-15 15:57:00",496,0.1007226,0.09738974,0.07819808,0.115971,0.1123768,0.07899456
"2024-11-15 15:58:00",497,0.106734,0.1045473,0.08415062,0.12308,0.1208784,0.08396051
"2024-11-15 15:59:00",498,0.1213512,0.1185768,0.09564694,0.1397748,0.138393,0.09400921
"2024-11-15 16:00:00",499,0.1146186,0.1104169,0.09053567,0.1303365,0.1288168,0.09202024
"2024-11-15 16:01:00",500,0.1201213,0.1139215,0.09386602,0.133822,0.1328384,0.09732056
"2024-11-15 16:02:00",501,0.1223696,0.1106635,0.0918806,0.138033,0.1306455,0.1010916
"2024-11-15 16:03:00",502,0.114447,0.09990805,0.08416472,0.1257583,0.1175741,0.09459081
"2024-11-15 16:04:00",503,0.1238802,0.1082721,0.09253678,0.1345938,0.1274267,0.1040584
"2024-11-15 16:05:00",504,0.1261345,0.1116469,0.09453249,0.1381834,0.1312759,0.1052178
"2024-11-15 16:06:00",505,0.1243714,0.114215,0.09181863,0.1443045,0.1361284,0.09965535
"2024-11-15 16:07:00",506,0.1231501,0.1118783,0.08951958,0.1428501,0.1335235,0.09749105
"2024-11-15 16:08:00",507,0.1149439,0.1045395,0.08408653,0.1342039,0.123897,0.09181605
"2024-11-15 16:10:00",508,0.1136103,0.1076051,0.1152315,0.09923497,0.1025495,0.1204828
"2024-11-15 16:11:00",509,0.1725204,0.1608932,0.1628822,0.1650902,0.1612872,0.1741343
"2024-11-15 16:12:00",510,0.2226809,0.2062127,0.204608,0.2182802,0.2108925,0.2222155
"2024-11-15 16:13:00",511,0.1856041,0.1709071,0.170597,0.1815146,0.1737936,0.1842326
"2024-11-15 16:14:00",512,0.1640255,0.1491452,0.1494275,0.1595446,0.1511153,0.1629231
"2024-11-15 16:15:00",513,0.1646864,0.1504008,0.1506989,0.1607333,0.1525451,0.1632194
"2024-11-15 16:16:00",514,0.1739531,0.1587943,0.1591502,0.1690843,0.1615141,0.173082
"2024-11-15 16:17:00",515,0.1124684,0.1094552,0.1130131,0.1046173,0.10657,0.121679
